670 734
32 32 32

2 1 0 32 64 XOR
2 1 31 63 65 AND
2 1 31 63 66 XOR
2 1 30 62 67 AND
2 1 30 62 68 XOR
2 1 29 61 69 AND
2 1 68 69 70 AND
2 1 67 70 71 XOR
2 1 29 61 72 XOR
2 1 68 72 73 AND
2 1 28 60 74 AND
2 1 28 60 75 XOR
2 1 27 59 76 AND
2 1 75 76 77 AND
2 1 74 77 78 XOR
2 1 73 78 79 AND
2 1 71 79 80 XOR
2 1 27 59 81 XOR
2 1 75 81 82 AND
2 1 73 82 83 AND
2 1 26 58 84 AND
2 1 26 58 85 XOR
2 1 25 57 86 AND
2 1 85 86 87 AND
2 1 84 87 88 XOR
2 1 25 57 89 XOR
2 1 85 89 90 AND
2 1 24 56 91 AND
2 1 24 56 92 XOR
2 1 23 55 93 AND
2 1 92 93 94 AND
2 1 91 94 95 XOR
2 1 90 95 96 AND
2 1 88 96 97 XOR
2 1 83 97 98 AND
2 1 80 98 99 XOR
2 1 23 55 100 XOR
2 1 92 100 101 AND
2 1 90 101 102 AND
2 1 83 102 103 AND
2 1 22 54 104 AND
2 1 22 54 105 XOR
2 1 21 53 106 AND
2 1 105 106 107 AND
2 1 104 107 108 XOR
2 1 21 53 109 XOR
2 1 105 109 110 AND
2 1 20 52 111 AND
2 1 20 52 112 XOR
2 1 19 51 113 AND
2 1 112 113 114 AND
2 1 111 114 115 XOR
2 1 110 115 116 AND
2 1 108 116 117 XOR
2 1 19 51 118 XOR
2 1 112 118 119 AND
2 1 110 119 120 AND
2 1 18 50 121 AND
2 1 18 50 122 XOR
2 1 17 49 123 AND
2 1 122 123 124 AND
2 1 121 124 125 XOR
2 1 17 49 126 XOR
2 1 122 126 127 AND
2 1 16 48 128 AND
2 1 16 48 129 XOR
2 1 15 47 130 AND
2 1 129 130 131 AND
2 1 128 131 132 XOR
2 1 127 132 133 AND
2 1 125 133 134 XOR
2 1 120 134 135 AND
2 1 117 135 136 XOR
2 1 103 136 137 AND
2 1 99 137 138 XOR
2 1 15 47 139 XOR
2 1 129 139 140 AND
2 1 127 140 141 AND
2 1 120 141 142 AND
2 1 103 142 143 AND
2 1 14 46 144 AND
2 1 14 46 145 XOR
2 1 13 45 146 AND
2 1 145 146 147 AND
2 1 144 147 148 XOR
2 1 13 45 149 XOR
2 1 145 149 150 AND
2 1 12 44 151 AND
2 1 12 44 152 XOR
2 1 11 43 153 AND
2 1 152 153 154 AND
2 1 151 154 155 XOR
2 1 150 155 156 AND
2 1 148 156 157 XOR
2 1 11 43 158 XOR
2 1 152 158 159 AND
2 1 150 159 160 AND
2 1 10 42 161 AND
2 1 10 42 162 XOR
2 1 9 41 163 AND
2 1 162 163 164 AND
2 1 161 164 165 XOR
2 1 9 41 166 XOR
2 1 162 166 167 AND
2 1 8 40 168 AND
2 1 8 40 169 XOR
2 1 7 39 170 AND
2 1 169 170 171 AND
2 1 168 171 172 XOR
2 1 167 172 173 AND
2 1 165 173 174 XOR
2 1 160 174 175 AND
2 1 157 175 176 XOR
2 1 7 39 177 XOR
2 1 169 177 178 AND
2 1 167 178 179 AND
2 1 160 179 180 AND
2 1 6 38 181 AND
2 1 6 38 182 XOR
2 1 5 37 183 AND
2 1 182 183 184 AND
2 1 181 184 185 XOR
2 1 5 37 186 XOR
2 1 182 186 187 AND
2 1 4 36 188 AND
2 1 4 36 189 XOR
2 1 3 35 190 AND
2 1 189 190 191 AND
2 1 188 191 192 XOR
2 1 187 192 193 AND
2 1 185 193 194 XOR
2 1 3 35 195 XOR
2 1 189 195 196 AND
2 1 187 196 197 AND
2 1 2 34 198 AND
2 1 2 34 199 XOR
2 1 1 33 200 AND
2 1 199 200 201 AND
2 1 198 201 202 XOR
2 1 1 33 203 XOR
2 1 199 203 204 AND
2 1 0 32 205 AND
2 1 204 205 206 AND
2 1 202 206 207 XOR
2 1 197 207 208 AND
2 1 194 208 209 XOR
2 1 180 209 210 AND
2 1 176 210 211 XOR
2 1 143 211 212 AND
2 1 138 212 213 XOR
2 1 66 213 214 AND
2 1 65 214 215 XOR
1 1 215 216 INV
2 1 66 213 217 XOR
2 1 216 217 218 AND
2 1 203 205 219 AND
2 1 200 219 220 XOR
2 1 199 220 221 XOR
1 1 221 222 INV
2 1 203 205 223 XOR
2 1 222 223 224 AND
2 1 221 224 225 XOR
2 1 195 207 226 AND
2 1 190 226 227 XOR
2 1 189 227 228 XOR
1 1 228 229 INV
2 1 195 207 230 XOR
1 1 230 231 INV
2 1 229 231 232 AND
2 1 186 192 233 AND
2 1 183 233 234 XOR
2 1 186 196 235 AND
2 1 207 235 236 AND
2 1 234 236 237 XOR
2 1 182 237 238 XOR
1 1 238 239 INV
2 1 196 207 240 AND
2 1 192 240 241 XOR
2 1 186 241 242 XOR
1 1 242 243 INV
2 1 239 243 244 AND
2 1 232 244 245 AND
2 1 225 245 246 AND
2 1 239 242 247 AND
2 1 238 247 248 XOR
2 1 229 230 249 AND
2 1 228 249 250 XOR
2 1 250 244 251 AND
2 1 248 251 252 XOR
2 1 246 252 253 XOR
2 1 177 209 254 AND
2 1 170 254 255 XOR
2 1 169 255 256 XOR
1 1 256 257 INV
2 1 177 209 258 XOR
1 1 258 259 INV
2 1 257 259 260 AND
2 1 166 172 261 AND
2 1 163 261 262 XOR
2 1 166 178 263 AND
2 1 209 263 264 AND
2 1 262 264 265 XOR
2 1 162 265 266 XOR
1 1 266 267 INV
2 1 178 209 268 AND
2 1 172 268 269 XOR
2 1 166 269 270 XOR
1 1 270 271 INV
2 1 267 271 272 AND
2 1 260 272 273 AND
2 1 158 174 274 AND
2 1 153 274 275 XOR
2 1 158 179 276 AND
2 1 209 276 277 AND
2 1 275 277 278 XOR
2 1 152 278 279 XOR
1 1 279 280 INV
2 1 179 209 281 AND
2 1 174 281 282 XOR
2 1 158 282 283 XOR
1 1 283 284 INV
2 1 280 284 285 AND
2 1 149 155 286 AND
2 1 146 286 287 XOR
2 1 149 159 288 AND
2 1 174 288 289 AND
2 1 287 289 290 XOR
2 1 179 288 291 AND
2 1 209 291 292 AND
2 1 290 292 293 XOR
2 1 145 293 294 XOR
1 1 294 295 INV
2 1 159 174 296 AND
2 1 155 296 297 XOR
2 1 159 179 298 AND
2 1 209 298 299 AND
2 1 297 299 300 XOR
2 1 149 300 301 XOR
1 1 301 302 INV
2 1 295 302 303 AND
2 1 285 303 304 AND
2 1 273 304 305 AND
2 1 253 305 306 AND
2 1 295 301 307 AND
2 1 294 307 308 XOR
2 1 280 283 309 AND
2 1 279 309 310 XOR
2 1 310 303 311 AND
2 1 308 311 312 XOR
2 1 267 270 313 AND
2 1 266 313 314 XOR
2 1 257 258 315 AND
2 1 256 315 316 XOR
2 1 316 272 317 AND
2 1 314 317 318 XOR
2 1 318 304 319 AND
2 1 312 319 320 XOR
2 1 306 320 321 XOR
2 1 139 211 322 AND
2 1 130 322 323 XOR
2 1 129 323 324 XOR
1 1 324 325 INV
2 1 139 211 326 XOR
1 1 326 327 INV
2 1 325 327 328 AND
2 1 126 132 329 AND
2 1 123 329 330 XOR
2 1 126 140 331 AND
2 1 211 331 332 AND
2 1 330 332 333 XOR
2 1 122 333 334 XOR
1 1 334 335 INV
2 1 140 211 336 AND
2 1 132 336 337 XOR
2 1 126 337 338 XOR
1 1 338 339 INV
2 1 335 339 340 AND
2 1 328 340 341 AND
2 1 118 134 342 AND
2 1 113 342 343 XOR
2 1 118 141 344 AND
2 1 211 344 345 AND
2 1 343 345 346 XOR
2 1 112 346 347 XOR
1 1 347 348 INV
2 1 141 211 349 AND
2 1 134 349 350 XOR
2 1 118 350 351 XOR
1 1 351 352 INV
2 1 348 352 353 AND
2 1 109 115 354 AND
2 1 106 354 355 XOR
2 1 109 119 356 AND
2 1 134 356 357 AND
2 1 355 357 358 XOR
2 1 141 356 359 AND
2 1 211 359 360 AND
2 1 358 360 361 XOR
2 1 105 361 362 XOR
1 1 362 363 INV
2 1 119 134 364 AND
2 1 115 364 365 XOR
2 1 119 141 366 AND
2 1 211 366 367 AND
2 1 365 367 368 XOR
2 1 109 368 369 XOR
1 1 369 370 INV
2 1 363 370 371 AND
2 1 353 371 372 AND
2 1 341 372 373 AND
2 1 100 136 374 AND
2 1 93 374 375 XOR
2 1 100 142 376 AND
2 1 211 376 377 AND
2 1 375 377 378 XOR
2 1 92 378 379 XOR
1 1 379 380 INV
2 1 142 211 381 AND
2 1 136 381 382 XOR
2 1 100 382 383 XOR
1 1 383 384 INV
2 1 380 384 385 AND
2 1 89 95 386 AND
2 1 86 386 387 XOR
2 1 89 101 388 AND
2 1 136 388 389 AND
2 1 387 389 390 XOR
2 1 142 388 391 AND
2 1 211 391 392 AND
2 1 390 392 393 XOR
2 1 85 393 394 XOR
1 1 394 395 INV
2 1 101 136 396 AND
2 1 95 396 397 XOR
2 1 101 142 398 AND
2 1 211 398 399 AND
2 1 397 399 400 XOR
2 1 89 400 401 XOR
1 1 401 402 INV
2 1 395 402 403 AND
2 1 385 403 404 AND
2 1 81 97 405 AND
2 1 76 405 406 XOR
2 1 81 102 407 AND
2 1 136 407 408 AND
2 1 406 408 409 XOR
2 1 142 407 410 AND
2 1 211 410 411 AND
2 1 409 411 412 XOR
2 1 75 412 413 XOR
1 1 413 414 INV
2 1 102 136 415 AND
2 1 97 415 416 XOR
2 1 102 142 417 AND
2 1 211 417 418 AND
2 1 416 418 419 XOR
2 1 81 419 420 XOR
1 1 420 421 INV
2 1 414 421 422 AND
2 1 72 78 423 AND
2 1 69 423 424 XOR
2 1 72 82 425 AND
2 1 97 425 426 AND
2 1 424 426 427 XOR
2 1 102 425 428 AND
2 1 136 428 429 AND
2 1 427 429 430 XOR
2 1 142 428 431 AND
2 1 211 431 432 AND
2 1 430 432 433 XOR
2 1 68 433 434 XOR
2 1 82 97 435 AND
2 1 78 435 436 XOR
2 1 82 102 437 AND
2 1 136 437 438 AND
2 1 436 438 439 XOR
2 1 142 437 440 AND
2 1 211 440 441 AND
2 1 439 441 442 XOR
2 1 72 442 443 XOR
1 1 443 444 INV
2 1 434 444 445 AND
2 1 422 445 446 AND
2 1 404 446 447 AND
2 1 373 447 448 AND
2 1 321 448 449 AND
2 1 434 443 450 AND
2 1 414 420 451 AND
2 1 413 451 452 XOR
2 1 452 445 453 AND
2 1 450 453 454 XOR
2 1 395 401 455 AND
2 1 394 455 456 XOR
2 1 380 383 457 AND
2 1 379 457 458 XOR
2 1 458 403 459 AND
2 1 456 459 460 XOR
2 1 460 446 461 AND
2 1 454 461 462 XOR
2 1 363 369 463 AND
2 1 362 463 464 XOR
2 1 348 351 465 AND
2 1 347 465 466 XOR
2 1 466 371 467 AND
2 1 464 467 468 XOR
2 1 335 338 469 AND
2 1 334 469 470 XOR
2 1 325 326 471 AND
2 1 324 471 472 XOR
2 1 472 340 473 AND
2 1 470 473 474 XOR
2 1 474 372 475 AND
2 1 468 475 476 XOR
2 1 476 447 477 AND
2 1 462 477 478 XOR
2 1 449 478 479 XOR
2 1 218 479 480 AND
2 1 215 480 481 XOR
2 1 64 481 702 XOR
1 1 223 482 INV
2 1 64 482 483 XOR
2 1 223 483 484 XOR
2 1 481 484 485 AND
2 1 223 485 703 XOR
2 1 64 482 486 AND
2 1 223 486 487 XOR
2 1 222 487 488 XOR
2 1 221 488 489 XOR
2 1 481 489 490 AND
2 1 221 490 704 XOR
2 1 222 482 491 AND
2 1 64 491 492 AND
2 1 225 492 493 XOR
2 1 231 493 494 XOR
2 1 230 494 495 XOR
2 1 481 495 496 AND
2 1 230 496 705 XOR
2 1 231 493 497 AND
2 1 230 497 498 XOR
2 1 229 498 499 XOR
2 1 228 499 500 XOR
2 1 481 500 501 AND
2 1 228 501 706 XOR
2 1 493 232 502 AND
2 1 250 502 503 XOR
2 1 243 503 504 XOR
2 1 242 504 505 XOR
2 1 481 505 506 AND
2 1 242 506 707 XOR
2 1 243 250 507 AND
2 1 242 507 508 XOR
2 1 243 232 509 AND
2 1 493 509 510 AND
2 1 508 510 511 XOR
2 1 239 511 512 XOR
2 1 238 512 513 XOR
2 1 481 513 514 AND
2 1 238 514 708 XOR
2 1 493 245 515 AND
2 1 252 515 516 XOR
2 1 259 516 517 XOR
2 1 258 517 518 XOR
2 1 481 518 519 AND
2 1 258 519 709 XOR
2 1 259 516 520 AND
2 1 258 520 521 XOR
2 1 257 521 522 XOR
2 1 256 522 523 XOR
2 1 481 523 524 AND
2 1 256 524 710 XOR
2 1 516 260 525 AND
2 1 316 525 526 XOR
2 1 271 526 527 XOR
2 1 270 527 528 XOR
2 1 481 528 529 AND
2 1 270 529 711 XOR
2 1 271 316 530 AND
2 1 270 530 531 XOR
2 1 271 260 532 AND
2 1 516 532 533 AND
2 1 531 533 534 XOR
2 1 267 534 535 XOR
2 1 266 535 536 XOR
2 1 481 536 537 AND
2 1 266 537 712 XOR
2 1 516 273 538 AND
2 1 318 538 539 XOR
2 1 284 539 540 XOR
2 1 283 540 541 XOR
2 1 481 541 542 AND
2 1 283 542 713 XOR
2 1 284 318 543 AND
2 1 283 543 544 XOR
2 1 284 273 545 AND
2 1 516 545 546 AND
2 1 544 546 547 XOR
2 1 280 547 548 XOR
2 1 279 548 549 XOR
2 1 481 549 550 AND
2 1 279 550 714 XOR
2 1 318 285 551 AND
2 1 310 551 552 XOR
2 1 273 285 553 AND
2 1 516 553 554 AND
2 1 552 554 555 XOR
2 1 302 555 556 XOR
2 1 301 556 557 XOR
2 1 481 557 558 AND
2 1 301 558 715 XOR
2 1 302 310 559 AND
2 1 301 559 560 XOR
2 1 302 285 561 AND
2 1 318 561 562 AND
2 1 560 562 563 XOR
2 1 273 561 564 AND
2 1 516 564 565 AND
2 1 563 565 566 XOR
2 1 295 566 567 XOR
2 1 294 567 568 XOR
2 1 481 568 569 AND
2 1 294 569 716 XOR
2 1 516 305 570 AND
2 1 320 570 571 XOR
2 1 327 571 572 XOR
2 1 326 572 573 XOR
2 1 481 573 574 AND
2 1 326 574 717 XOR
2 1 327 571 575 AND
2 1 326 575 576 XOR
2 1 325 576 577 XOR
2 1 324 577 578 XOR
2 1 481 578 579 AND
2 1 324 579 718 XOR
2 1 571 328 580 AND
2 1 472 580 581 XOR
2 1 339 581 582 XOR
2 1 338 582 583 XOR
2 1 481 583 584 AND
2 1 338 584 719 XOR
2 1 339 472 585 AND
2 1 338 585 586 XOR
2 1 339 328 587 AND
2 1 571 587 588 AND
2 1 586 588 589 XOR
2 1 335 589 590 XOR
2 1 334 590 591 XOR
2 1 481 591 592 AND
2 1 334 592 720 XOR
2 1 571 341 593 AND
2 1 474 593 594 XOR
2 1 352 594 595 XOR
2 1 351 595 596 XOR
2 1 481 596 597 AND
2 1 351 597 721 XOR
2 1 352 474 598 AND
2 1 351 598 599 XOR
2 1 352 341 600 AND
2 1 571 600 601 AND
2 1 599 601 602 XOR
2 1 348 602 603 XOR
2 1 347 603 604 XOR
2 1 481 604 605 AND
2 1 347 605 722 XOR
2 1 474 353 606 AND
2 1 466 606 607 XOR
2 1 341 353 608 AND
2 1 571 608 609 AND
2 1 607 609 610 XOR
2 1 370 610 611 XOR
2 1 369 611 612 XOR
2 1 481 612 613 AND
2 1 369 613 723 XOR
2 1 370 466 614 AND
2 1 369 614 615 XOR
2 1 370 353 616 AND
2 1 474 616 617 AND
2 1 615 617 618 XOR
2 1 341 616 619 AND
2 1 571 619 620 AND
2 1 618 620 621 XOR
2 1 363 621 622 XOR
2 1 362 622 623 XOR
2 1 481 623 624 AND
2 1 362 624 724 XOR
2 1 571 373 625 AND
2 1 476 625 626 XOR
2 1 384 626 627 XOR
2 1 383 627 628 XOR
2 1 481 628 629 AND
2 1 383 629 725 XOR
2 1 384 476 630 AND
2 1 383 630 631 XOR
2 1 384 373 632 AND
2 1 571 632 633 AND
2 1 631 633 634 XOR
2 1 380 634 635 XOR
2 1 379 635 636 XOR
2 1 481 636 637 AND
2 1 379 637 726 XOR
2 1 476 385 638 AND
2 1 458 638 639 XOR
2 1 373 385 640 AND
2 1 571 640 641 AND
2 1 639 641 642 XOR
2 1 402 642 643 XOR
2 1 401 643 644 XOR
2 1 481 644 645 AND
2 1 401 645 727 XOR
2 1 402 458 646 AND
2 1 401 646 647 XOR
2 1 402 385 648 AND
2 1 476 648 649 AND
2 1 647 649 650 XOR
2 1 373 648 651 AND
2 1 571 651 652 AND
2 1 650 652 653 XOR
2 1 395 653 654 XOR
2 1 394 654 655 XOR
2 1 481 655 656 AND
2 1 394 656 728 XOR
2 1 476 404 657 AND
2 1 460 657 658 XOR
2 1 373 404 659 AND
2 1 571 659 660 AND
2 1 658 660 661 XOR
2 1 421 661 662 XOR
2 1 420 662 663 XOR
2 1 481 663 664 AND
2 1 420 664 729 XOR
2 1 421 460 665 AND
2 1 420 665 666 XOR
2 1 421 404 667 AND
2 1 476 667 668 AND
2 1 666 668 669 XOR
2 1 373 667 670 AND
2 1 571 670 671 AND
2 1 669 671 672 XOR
2 1 414 672 673 XOR
2 1 413 673 674 XOR
2 1 481 674 675 AND
2 1 413 675 730 XOR
2 1 460 422 676 AND
2 1 452 676 677 XOR
2 1 404 422 678 AND
2 1 476 678 679 AND
2 1 677 679 680 XOR
2 1 373 678 681 AND
2 1 571 681 682 AND
2 1 680 682 683 XOR
2 1 444 683 684 XOR
2 1 443 684 685 XOR
2 1 481 685 686 AND
2 1 443 686 731 XOR
2 1 444 452 687 AND
2 1 443 687 688 XOR
2 1 444 422 689 AND
2 1 460 689 690 AND
2 1 688 690 691 XOR
2 1 404 689 692 AND
2 1 476 692 693 AND
2 1 691 693 694 XOR
2 1 373 692 695 AND
2 1 571 695 696 AND
2 1 694 696 697 XOR
2 1 481 697 698 AND
2 1 434 698 732 XOR
2 1 571 448 699 AND
2 1 478 699 700 XOR
2 1 481 700 701 AND
2 1 217 701 733 XOR
